Finala=0.00102389078441482
Finalb=-0.699999996948272
Mean=4395.0000
Minimum=1465.0000
Maximum=7325.0000
Median=4395.0000
